FID,feat_name,households,income_100,income_10K,income_125,income_150,income_15k,income_20k,income_25k,income_30k,income_35k,income_40k,income_45k,income_50k,income_60k,income_75k,income_gt_,income_lt_,median_inc,pop_densit,population,year
580,130500010202,424.339999999999975,35.820000000000000,13.199999999999999,37.210000000000001,29.559999999999999,12.270000000000000,5.480000000000000,19.079999999999998,31.969999999999999,6.590000000000000,16.690000000000001,7.370000000000000,54.200000000000003,37.680000000000000,82.430000000000007,15.500000000000000,19.289999999999999,64748.000000000000000,51126.980000000003201,1129.640000000000100,2015.000000000000000
581,130500010203,83.730000000000004,3.400000000000000,4.390000000000000,1.900000000000000,3.260000000000000,3.030000000000000,5.940000000000000,2.170000000000000,3.340000000000000,1.470000000000000,4.700000000000000,3.120000000000000,21.430000000000000,3.580000000000000,17.239999999999998,1.100000000000000,3.680000000000000,49737.000000000000000,6796.180000000000291,193.560000000000002,2015.000000000000000
582,130500010204,747.769999999999982,71.219999999999999,18.890000000000001,77.629999999999995,55.590000000000003,22.489999999999998,10.369999999999999,36.649999999999999,52.149999999999999,11.840000000000000,24.960000000000001,14.779999999999999,76.099999999999994,70.849999999999994,135.849999999999994,36.270000000000003,32.130000000000003,72501.000000000000000,154831.089999999996508,1969.359999999999900,2015.000000000000000
584,130500010301,1452.950000000000045,122.489999999999995,49.490000000000002,121.530000000000001,132.550000000000011,19.500000000000000,61.600000000000001,62.159999999999997,58.310000000000002,46.170000000000002,58.180000000000000,72.620000000000005,116.150000000000006,169.090000000000003,228.930000000000007,84.969999999999999,49.219999999999999,60853.830000000001746,178256.899999999994179,3762.110000000000127,2015.000000000000000
585,130500010302,1542.970000000000027,100.469999999999999,56.259999999999998,67.239999999999995,82.620000000000005,20.680000000000000,86.829999999999998,72.650000000000006,118.189999999999998,15.980000000000000,96.939999999999998,90.609999999999999,185.219999999999999,124.109999999999999,282.839999999999975,45.680000000000000,96.650000000000006,48691.400000000001455,115876.580000000001746,4078.449999999999818,2015.000000000000000
587,130500010401,347.139999999999986,27.750000000000000,19.109999999999999,21.100000000000001,5.060000000000000,14.830000000000000,12.119999999999999,22.789999999999999,21.239999999999998,16.190000000000001,18.270000000000000,6.800000000000000,41.350000000000001,27.260000000000002,50.759999999999998,14.720000000000001,27.800000000000001,34970.830000000001746,42330.150000000001455,798.700000000000045,2015.000000000000000
588,130500010402,392.439999999999998,30.980000000000000,21.980000000000000,24.230000000000000,5.820000000000000,17.690000000000001,13.529999999999999,25.399999999999999,24.090000000000000,18.770000000000000,20.480000000000000,8.160000000000000,46.609999999999999,30.239999999999998,57.009999999999998,16.750000000000000,30.710000000000001,34168.220000000001164,23237.569999999999709,906.549999999999955,2015.000000000000000
589,130500010403,378.490000000000009,26.930000000000000,26.520000000000000,8.910000000000000,11.100000000000000,22.800000000000001,24.059999999999999,24.000000000000000,22.399999999999999,13.029999999999999,18.660000000000000,7.060000000000000,34.640000000000001,33.450000000000003,30.550000000000001,8.640000000000001,65.739999999999995,36656.750000000000000,68720.550000000002910,1063.849999999999909,2015.000000000000000
590,130500010404,1014.509999999999991,70.709999999999994,72.099999999999994,11.630000000000001,34.649999999999999,59.570000000000000,73.799999999999997,64.709999999999994,60.020000000000003,27.890000000000001,50.939999999999998,19.250000000000000,86.849999999999994,94.540000000000006,69.790000000000006,17.070000000000000,201.009999999999991,40989.000000000000000,105824.119999999995343,2974.440000000000055,2015.000000000000000
591,130500010405,145.150000000000006,8.970000000000001,10.990000000000000,7.980000000000000,3.700000000000000,12.100000000000000,6.370000000000000,7.530000000000000,9.190000000000000,8.220000000000001,6.470000000000000,5.150000000000000,14.570000000000000,9.260000000000000,14.529999999999999,5.250000000000000,14.880000000000001,42858.500000000000000,27120.069999999999709,389.310000000000002,2015.000000000000000
593,130500010407,36.509999999999998,1.450000000000000,3.690000000000000,1.690000000000000,1.430000000000000,4.840000000000000,2.040000000000000,1.290000000000000,2.400000000000000,2.480000000000000,1.270000000000000,1.990000000000000,2.800000000000000,1.710000000000000,1.530000000000000,1.010000000000000,4.880000000000000,32527.000000000000000,8307.340000000000146,115.420000000000002,2015.000000000000000
618,130500011001,16.899999999999999,1.290000000000000,1.990000000000000,0.690000000000000,0.540000000000000,1.800000000000000,1.440000000000000,0.590000000000000,0.440000000000000,0.800000000000000,0.660000000000000,1.340000000000000,0.400000000000000,1.760000000000000,1.530000000000000,0.010000000000000,1.610000000000000,34705.669999999998254,6180.729999999999563,48.479999999999997,2015.000000000000000
619,130500011002,51.270000000000003,2.260000000000000,5.290000000000000,2.340000000000000,1.960000000000000,6.640000000000000,3.050000000000000,1.810000000000000,3.130000000000000,3.360000000000000,1.810000000000000,2.940000000000000,3.610000000000000,2.750000000000000,2.440000000000000,1.260000000000000,6.620000000000000,37973.669999999998254,2990.820000000000164,160.310000000000002,2015.000000000000000
620,130500011003,58.930000000000000,2.360000000000000,5.970000000000000,2.720000000000000,2.300000000000000,7.810000000000000,3.320000000000000,2.080000000000000,3.860000000000000,4.000000000000000,2.050000000000000,3.220000000000000,4.490000000000000,2.790000000000000,2.490000000000000,1.620000000000000,7.860000000000000,35795.000000000000000,5117.430000000000291,186.169999999999987,2015.000000000000000
621,130500011004,15.369999999999999,1.110000000000000,1.780000000000000,0.630000000000000,0.500000000000000,1.690000000000000,1.260000000000000,0.540000000000000,0.480000000000000,0.770000000000000,0.590000000000000,1.170000000000000,0.460000000000000,1.500000000000000,1.300000000000000,0.060000000000000,1.530000000000000,35795.000000000000000,5117.430000000000291,44.630000000000003,2015.000000000000000
622,130500011005,42.259999999999998,1.830000000000000,4.340000000000000,1.930000000000000,1.620000000000000,5.500000000000000,2.490000000000000,1.490000000000000,2.610000000000000,2.790000000000000,1.490000000000000,2.400000000000000,3.010000000000000,2.220000000000000,1.980000000000000,1.060000000000000,5.490000000000000,35795.000000000000000,5117.430000000000291,132.360000000000014,2015.000000000000000
623,130500011101,29.100000000000001,1.160000000000000,2.940000000000000,1.350000000000000,1.140000000000000,3.860000000000000,1.630000000000000,1.030000000000000,1.910000000000000,1.980000000000000,1.010000000000000,1.580000000000000,2.230000000000000,1.360000000000000,1.220000000000000,0.810000000000000,3.890000000000000,32527.000000000000000,8307.340000000000146,92.000000000000000,2015.000000000000000
624,130500011102,89.930000000000007,3.570000000000000,9.100000000000000,4.160000000000000,3.520000000000000,11.930000000000000,5.040000000000000,3.180000000000000,5.920000000000000,6.110000000000000,3.130000000000000,4.890000000000000,6.900000000000000,4.210000000000000,3.770000000000000,2.490000000000000,12.029999999999999,32527.000000000000000,8307.340000000000146,284.310000000000002,2015.000000000000000
625,130500011103,77.420000000000002,3.070000000000000,7.830000000000000,3.580000000000000,3.030000000000000,10.270000000000000,4.340000000000000,2.740000000000000,5.090000000000000,5.260000000000000,2.690000000000000,4.210000000000000,5.940000000000000,3.620000000000000,3.240000000000000,2.150000000000000,10.359999999999999,32527.000000000000000,8307.340000000000146,244.759999999999991,2015.000000000000000
626,130500011104,86.730000000000004,3.440000000000000,8.770000000000000,4.010000000000000,3.400000000000000,11.510000000000000,4.860000000000000,3.070000000000000,5.710000000000000,5.900000000000000,3.020000000000000,4.720000000000000,6.650000000000000,4.060000000000000,3.630000000000000,2.410000000000000,11.600000000000000,32527.000000000000000,8307.340000000000146,274.199999999999989,2015.000000000000000
627,130500011105,93.379999999999995,3.710000000000000,9.440000000000000,4.320000000000000,3.660000000000000,12.390000000000001,5.230000000000000,3.300000000000000,6.140000000000000,6.350000000000000,3.250000000000000,5.080000000000000,7.160000000000000,4.370000000000000,3.910000000000000,2.590000000000000,12.490000000000000,32527.000000000000000,8307.340000000000146,295.220000000000027,2015.000000000000000
837,130202010401,119.629999999999995,13.830000000000000,7.290000000000000,7.510000000000000,4.300000000000000,6.990000000000000,11.690000000000000,9.920000000000000,9.740000000000000,2.470000000000000,4.160000000000000,4.280000000000000,8.420000000000000,4.800000000000000,8.740000000000000,9.770000000000000,5.720000000000000,49737.000000000000000,6796.180000000000291,294.050000000000011,2015.000000000000000
840,130202010404,380.250000000000000,38.609999999999999,17.079999999999998,23.949999999999999,29.719999999999999,22.149999999999999,14.920000000000000,21.699999999999999,13.840000000000000,7.340000000000000,7.770000000000000,13.460000000000001,21.760000000000002,66.980000000000004,50.710000000000001,18.899999999999999,11.359999999999999,48316.800000000002910,53377.839999999996508,923.570000000000050,2015.000000000000000
841,130202010405,296.779999999999973,24.500000000000000,15.960000000000001,14.390000000000001,13.900000000000000,18.260000000000002,18.160000000000000,13.990000000000000,24.660000000000000,17.890000000000001,16.609999999999999,18.879999999999999,20.750000000000000,22.500000000000000,21.670000000000002,9.740000000000000,24.930000000000000,61329.139999999999418,40156.959999999999127,804.000000000000000,2015.000000000000000
842,130202010406,459.199999999999989,32.719999999999999,23.350000000000001,23.030000000000001,23.079999999999998,26.489999999999998,18.039999999999999,20.620000000000001,24.730000000000000,23.149999999999999,18.879999999999999,21.100000000000001,39.439999999999998,46.840000000000003,45.939999999999998,19.820000000000000,51.979999999999997,57901.330000000001746,27773.439999999998690,1650.740000000000009,2015.000000000000000
843,130202010501,2046.269999999999982,221.979999999999990,40.680000000000000,240.479999999999990,178.729999999999990,68.030000000000001,82.049999999999997,96.090000000000003,50.430000000000000,65.219999999999999,49.479999999999997,70.090000000000003,168.120000000000005,204.020000000000010,303.360000000000014,147.000000000000000,60.500000000000000,89206.729999999995925,360429.690000000002328,4855.550000000000182,2015.000000000000000
844,130202010502,692.480000000000018,69.269999999999996,24.329999999999998,66.739999999999995,57.549999999999997,21.590000000000000,14.109999999999999,28.020000000000000,25.359999999999999,15.539999999999999,12.810000000000000,19.960000000000001,65.739999999999995,73.840000000000003,110.870000000000005,46.460000000000001,40.299999999999997,75129.429999999993015,159942.720000000001164,1618.059999999999945,2015.000000000000000
845,130202010503,207.169999999999987,20.590000000000000,9.300000000000001,16.449999999999999,16.989999999999998,4.470000000000000,4.750000000000000,7.330000000000000,7.020000000000000,4.610000000000000,3.260000000000000,6.470000000000000,22.530000000000001,23.340000000000000,31.469999999999999,14.070000000000000,14.520000000000000,58384.669999999998254,20473.200000000000728,467.120000000000005,2015.000000000000000
846,130202010504,184.699999999999989,19.620000000000001,8.359999999999999,15.480000000000000,15.350000000000000,4.190000000000000,4.310000000000000,7.310000000000000,6.750000000000000,4.180000000000000,2.420000000000000,5.720000000000000,16.949999999999999,21.160000000000000,26.090000000000000,13.710000000000001,13.130000000000001,60340.000000000000000,28141.560000000001310,417.990000000000009,2015.000000000000000
847,130202010505,237.800000000000011,24.609999999999999,10.160000000000000,20.530000000000001,21.500000000000000,4.010000000000000,2.730000000000000,7.600000000000000,6.880000000000000,5.450000000000000,2.400000000000000,7.200000000000000,23.329999999999998,29.960000000000001,36.600000000000001,17.090000000000000,17.750000000000000,61847.500000000000000,65950.860000000000582,531.159999999999968,2015.000000000000000
848,130202010506,383.610000000000014,34.469999999999999,22.020000000000000,24.460000000000001,31.109999999999999,11.240000000000000,8.960000000000001,18.270000000000000,13.039999999999999,16.730000000000000,5.860000000000000,14.170000000000000,33.939999999999998,41.460000000000001,55.990000000000002,20.309999999999999,31.600000000000001,61093.750000000000000,47046.209999999999127,1249.039999999999964,2015.000000000000000
851,130202010603,94.250000000000000,2.620000000000000,5.270000000000000,2.330000000000000,1.570000000000000,8.029999999999999,4.260000000000000,5.690000000000000,4.390000000000000,5.780000000000000,5.050000000000000,2.920000000000000,9.500000000000000,11.020000000000000,7.420000000000000,2.350000000000000,16.059999999999999,40050.500000000000000,29774.169999999998254,498.519999999999982,2015.000000000000000
852,130202010604,161.629999999999995,4.820000000000000,9.109999999999999,4.270000000000000,2.700000000000000,13.369999999999999,7.270000000000000,9.800000000000001,7.440000000000000,9.650000000000000,9.050000000000001,5.400000000000000,16.140000000000001,18.520000000000000,13.680000000000000,3.680000000000000,26.739999999999998,40050.500000000000000,29774.169999999998254,798.419999999999959,2015.000000000000000
854,130202010606,166.370000000000005,7.120000000000000,10.840000000000000,4.400000000000000,5.720000000000000,11.800000000000001,7.260000000000000,10.770000000000000,7.380000000000000,11.020000000000000,7.380000000000000,6.390000000000000,15.070000000000000,17.059999999999999,16.980000000000000,3.710000000000000,23.469999999999999,41188.290000000000873,37531.360000000000582,824.970000000000027,2015.000000000000000
855,130202010607,289.329999999999984,27.649999999999999,14.810000000000000,21.210000000000001,24.620000000000001,6.930000000000000,5.270000000000000,11.840000000000000,9.190000000000000,10.090000000000000,3.780000000000000,9.869999999999999,26.800000000000001,33.500000000000000,43.250000000000000,17.620000000000001,22.899999999999999,56231.669999999998254,46785.870000000002619,817.159999999999968,2015.000000000000000
856,130202010608,378.730000000000018,23.289999999999999,26.300000000000001,12.930000000000000,21.570000000000000,20.539999999999999,14.480000000000000,24.149999999999999,15.520000000000000,25.100000000000001,11.080000000000000,15.490000000000000,31.809999999999999,36.399999999999999,46.340000000000003,11.050000000000001,42.680000000000000,47415.000000000000000,42172.629999999997381,1777.250000000000000,2015.000000000000000
857,130202010609,134.129999999999995,7.250000000000000,9.330000000000000,4.370000000000000,5.420000000000000,7.840000000000000,5.700000000000000,8.960000000000001,5.610000000000000,8.410000000000000,6.590000000000000,6.530000000000000,11.320000000000000,12.150000000000000,17.170000000000002,1.940000000000000,15.539999999999999,45109.889999999999418,68543.550000000002910,503.959999999999980,2015.000000000000000
917,130202010610,428.519999999999982,42.789999999999999,19.730000000000000,35.329999999999998,38.259999999999998,10.310000000000000,6.110000000000000,14.350000000000000,11.970000000000001,11.320000000000000,5.110000000000000,12.770000000000000,42.210000000000001,51.140000000000001,66.230000000000004,29.350000000000001,31.550000000000001,64020.250000000000000,87113.789999999993597,970.940000000000055,2015.000000000000000
918,130202010611,449.519999999999982,34.030000000000001,32.119999999999997,18.739999999999998,32.439999999999998,18.510000000000002,15.199999999999999,27.960000000000001,17.149999999999999,28.739999999999998,9.260000000000000,19.559999999999999,35.890000000000001,41.259999999999998,62.670000000000002,15.130000000000001,40.859999999999999,57423.430000000000291,35358.699999999997090,1908.500000000000000,2015.000000000000000
935,130202020305,23.879999999999999,0.580000000000000,1.650000000000000,1.190000000000000,0.090000000000000,1.760000000000000,1.710000000000000,0.870000000000000,1.360000000000000,0.640000000000000,2.430000000000000,1.160000000000000,3.300000000000000,2.080000000000000,1.710000000000000,0.000000000000000,3.380000000000000,40909.000000000000000,2451.449999999999818,55.560000000000002,2015.000000000000000
936,130202020306,21.870000000000001,0.570000000000000,1.480000000000000,1.130000000000000,0.140000000000000,1.590000000000000,1.510000000000000,0.790000000000000,1.300000000000000,0.590000000000000,2.200000000000000,1.030000000000000,3.000000000000000,1.930000000000000,1.600000000000000,0.070000000000000,2.950000000000000,47223.000000000000000,4316.850000000000364,51.350000000000001,2015.000000000000000
938,130202020308,80.739999999999995,4.010000000000000,4.110000000000000,2.050000000000000,3.050000000000000,5.640000000000000,3.990000000000000,5.230000000000000,5.910000000000000,1.570000000000000,3.440000000000000,3.870000000000000,7.060000000000000,10.680000000000000,9.779999999999999,0.990000000000000,9.350000000000000,46361.500000000000000,25160.990000000001601,352.339999999999975,2015.000000000000000
943,130202020501,22.550000000000001,0.850000000000000,1.300000000000000,1.440000000000000,0.530000000000000,1.450000000000000,1.210000000000000,0.760000000000000,1.720000000000000,0.650000000000000,2.120000000000000,0.910000000000000,3.000000000000000,2.150000000000000,1.920000000000000,0.500000000000000,2.050000000000000,47223.000000000000000,4316.850000000000364,55.939999999999998,2015.000000000000000
944,130202020502,28.750000000000000,1.540000000000000,1.330000000000000,2.160000000000000,1.280000000000000,1.540000000000000,1.100000000000000,0.870000000000000,2.650000000000000,0.870000000000000,2.420000000000000,1.020000000000000,3.590000000000000,3.140000000000000,2.860000000000000,1.180000000000000,1.210000000000000,62963.500000000000000,231865.399999999994179,76.409999999999997,2015.000000000000000
945,130202020503,79.659999999999997,3.990000000000000,4.070000000000000,1.840000000000000,2.960000000000000,5.580000000000000,3.870000000000000,5.360000000000000,5.590000000000000,1.680000000000000,3.240000000000000,3.890000000000000,6.690000000000000,10.570000000000000,9.920000000000000,0.880000000000000,9.520000000000000,45189.199999999997090,14428.409999999999854,348.569999999999993,2015.000000000000000
946,130202020504,67.090000000000003,3.210000000000000,3.510000000000000,4.070000000000000,2.130000000000000,4.000000000000000,2.660000000000000,2.970000000000000,4.890000000000000,2.560000000000000,5.370000000000000,2.690000000000000,7.590000000000000,6.820000000000000,7.330000000000000,1.890000000000000,5.410000000000000,47113.330000000001746,19612.979999999999563,177.150000000000006,2015.000000000000000
947,130202020505,93.239999999999995,4.950000000000000,4.820000000000000,4.760000000000000,3.140000000000000,5.420000000000000,4.070000000000000,4.260000000000000,5.690000000000000,3.660000000000000,6.930000000000000,4.430000000000000,9.630000000000001,10.650000000000000,10.710000000000001,1.850000000000000,8.289999999999999,55719.000000000000000,125778.889999999999418,249.620000000000005,2015.000000000000000
948,130202020506,1020.980000000000018,100.390000000000001,22.920000000000002,68.989999999999995,66.829999999999998,24.649999999999999,41.469999999999999,20.910000000000000,25.070000000000000,38.890000000000001,48.770000000000003,70.540000000000006,93.769999999999996,150.550000000000011,149.650000000000006,42.210000000000001,55.369999999999997,65745.169999999998254,672524.050000000046566,3117.590000000000146,2015.000000000000000
949,130202030101,5638.930000000000291,532.799999999999955,210.430000000000007,384.519999999999982,369.910000000000025,168.889999999999986,242.680000000000007,183.460000000000008,161.479999999999990,215.520000000000010,207.930000000000007,335.060000000000002,506.060000000000002,610.200000000000045,817.820000000000050,294.319999999999993,397.850000000000023,57806.830000000001746,1356494.719999999972060,16157.239999999999782,2015.000000000000000
950,130202030102,7817.119999999999891,632.570000000000050,352.910000000000025,225.740000000000009,484.180000000000007,340.139999999999986,434.610000000000014,255.810000000000002,272.050000000000011,391.470000000000027,399.529999999999973,515.110000000000014,730.159999999999968,1063.160000000000082,1076.720000000000027,170.150000000000006,472.829999999999984,55982.339999999996508,1154006.300000000046566,22086.709999999999127,2015.000000000000000
951,130202030103,5483.569999999999709,569.320000000000050,136.050000000000011,362.199999999999989,470.610000000000014,193.509999999999991,229.189999999999998,175.919999999999987,239.819999999999993,274.370000000000005,174.949999999999989,218.789999999999992,555.909999999999968,632.370000000000005,849.250000000000000,258.750000000000000,142.569999999999993,68881.619999999995343,1523244.689999999944121,15504.329999999999927,2015.000000000000000
952,130202030104,1587.599999999999909,93.340000000000003,85.030000000000001,54.740000000000002,66.180000000000007,89.370000000000005,119.480000000000004,75.390000000000001,90.189999999999998,95.879999999999995,67.980000000000004,79.939999999999998,117.989999999999995,180.479999999999990,166.849999999999994,48.810000000000002,155.960000000000008,62040.330000000001746,1270095.060000000055879,4547.920000000000073,2015.000000000000000
953,130202030105,2195.170000000000073,223.860000000000014,61.640000000000001,48.479999999999997,143.159999999999997,109.090000000000003,115.810000000000002,54.859999999999999,85.900000000000006,84.930000000000007,98.189999999999998,126.390000000000001,186.159999999999997,458.180000000000007,224.569999999999993,33.320000000000000,140.620000000000005,61060.599999999998545,1416768.439999999944121,6882.409999999999854,2015.000000000000000
954,130202030106,8235.809999999999491,838.399999999999977,200.319999999999993,558.539999999999964,478.519999999999982,264.720000000000027,227.319999999999993,441.720000000000027,257.730000000000018,357.810000000000002,355.180000000000007,245.610000000000014,1159.430000000000064,1055.539999999999964,1128.170000000000073,266.240000000000009,400.569999999999993,63202.069999999999709,4518570.169999999925494,24684.540000000000873,2015.000000000000000
955,130202030107,21005.680000000000291,2044.670000000000073,911.759999999999991,1131.480000000000018,953.799999999999955,1044.140000000000100,1219.430000000000064,1053.869999999999891,1074.750000000000000,1013.860000000000014,1057.339999999999918,838.700000000000045,1629.569999999999936,2394.300000000000182,2729.329999999999927,956.070000000000050,952.610000000000014,65543.089999999996508,3901941.669999999925494,54718.110000000000582,2015.000000000000000
956,130202030108,21341.930000000000291,2393.219999999999800,669.190000000000055,1431.890000000000100,1254.309999999999945,601.090000000000032,708.450000000000045,780.539999999999964,902.509999999999991,918.580000000000041,886.759999999999991,839.629999999999995,1828.240000000000009,2912.469999999999800,3087.480000000000018,982.200000000000045,1145.349999999999909,66738.600000000005821,5298814.480000000447035,56674.400000000001455,2015.000000000000000
957,130202030201,2340.000000000000000,212.169999999999987,88.010000000000005,215.939999999999998,228.229999999999990,60.600000000000001,83.849999999999994,102.709999999999994,68.359999999999999,103.909999999999997,78.530000000000001,92.359999999999999,179.259999999999991,266.899999999999977,355.389999999999986,142.860000000000014,60.920000000000002,73645.800000000002910,257732.529999999998836,5874.630000000000109,2015.000000000000000
958,130202030202,4372.000000000000000,425.470000000000027,181.990000000000009,257.829999999999984,338.839999999999975,247.319999999999993,203.139999999999986,233.840000000000003,206.139999999999986,178.169999999999987,113.439999999999998,88.500000000000000,299.620000000000005,390.600000000000023,785.649999999999977,216.889999999999986,204.560000000000002,57331.569999999999709,3911807.549999999813735,11371.819999999999709,2015.000000000000000
959,130202030203,1948.619999999999891,130.490000000000009,144.469999999999999,56.039999999999999,70.829999999999998,159.349999999999994,100.689999999999998,108.560000000000002,102.780000000000001,93.159999999999997,92.879999999999995,63.439999999999998,132.289999999999992,174.560000000000002,197.280000000000001,39.750000000000000,282.050000000000011,46138.750000000000000,3865497.640000000130385,4997.520000000000437,2015.000000000000000
960,130202030301,13701.530000000000655,1625.599999999999909,447.259999999999991,923.909999999999968,1555.150000000000091,345.230000000000018,519.039999999999964,590.120000000000005,454.899999999999977,448.829999999999984,336.639999999999986,331.540000000000020,872.559999999999945,1212.660000000000082,1990.670000000000073,1509.319999999999936,538.110000000000014,80099.759999999994761,2745839.430000000167638,36458.629999999997381,2015.000000000000000
961,130202030302,29801.799999999999272,2783.170000000000073,1232.720000000000027,1716.230000000000018,2136.360000000000127,1551.500000000000000,1622.369999999999891,1083.619999999999891,1479.630000000000109,1161.759999999999991,1330.500000000000000,1095.220000000000027,2098.000000000000000,3039.630000000000109,3404.289999999999964,2273.519999999999982,1793.279999999999973,60567.300000000002910,5168712.759999999776483,67073.169999999998254,2015.000000000000000
962,130202030303,57378.250000000000000,3719.599999999999909,3767.010000000000218,1886.640000000000100,1563.809999999999945,4053.570000000000164,3896.780000000000200,3613.900000000000091,3845.980000000000018,2933.480000000000018,2841.420000000000073,2518.889999999999873,4643.600000000000364,5226.739999999999782,5977.409999999999854,1235.009999999999991,5654.390000000000327,46534.879999999997381,6255125.049999999813735,146019.200000000011642,2015.000000000000000
963,130202030304,84386.869999999995343,4934.970000000000255,6674.380000000000109,2443.579999999999927,2530.750000000000000,6505.970000000000255,5901.479999999999563,5134.090000000000146,4833.050000000000182,4187.930000000000291,4073.150000000000091,3669.449999999999818,5729.270000000000437,7076.390000000000327,7896.930000000000291,1865.519999999999982,10929.959999999999127,43742.260000000002037,7088121.309999999590218,193598.829999999987194,2015.000000000000000
964,130202030305,22905.459999999999127,877.429999999999950,1215.900000000000091,669.279999999999973,403.139999999999986,1413.440000000000055,1881.740000000000009,1569.990000000000009,1752.549999999999955,1106.140000000000100,1459.119999999999891,1072.950000000000045,2163.179999999999836,2304.789999999999964,2895.690000000000055,191.080000000000013,1929.039999999999964,42900.550000000002910,5677329.830000000074506,77392.350000000005821,2015.000000000000000
965,130202030306,3377.079999999999927,259.160000000000025,187.360000000000014,117.099999999999994,38.869999999999997,279.100000000000023,255.620000000000005,147.189999999999998,334.199999999999989,199.500000000000000,197.840000000000003,98.739999999999995,312.339999999999975,283.970000000000027,320.430000000000007,50.899999999999999,294.750000000000000,39574.000000000000000,758526.650000000023283,10780.520000000000437,2015.000000000000000
966,130202030401,339.000000000000000,20.379999999999999,24.050000000000001,13.000000000000000,4.310000000000000,22.420000000000002,20.739999999999998,20.149999999999999,25.539999999999999,15.539999999999999,15.380000000000001,10.949999999999999,39.030000000000001,28.859999999999999,36.560000000000002,7.120000000000000,34.950000000000003,47944.290000000000873,37045.050000000002910,850.700000000000045,2015.000000000000000
967,130202030402,67.719999999999999,3.880000000000000,5.190000000000000,1.930000000000000,1.240000000000000,6.240000000000000,3.660000000000000,2.590000000000000,4.580000000000000,3.110000000000000,4.600000000000000,3.550000000000000,6.020000000000000,6.040000000000000,4.320000000000000,0.790000000000000,9.980000000000000,40540.800000000002910,23036.919999999998254,194.969999999999999,2015.000000000000000
968,130202030403,633.230000000000018,61.420000000000002,23.010000000000002,13.380000000000001,18.180000000000000,40.979999999999997,27.219999999999999,39.159999999999997,36.780000000000001,34.810000000000002,34.490000000000002,23.590000000000000,45.979999999999997,82.909999999999997,74.989999999999995,9.699999999999999,66.620000000000005,50801.330000000001746,128134.509999999994761,2144.059999999999945,2015.000000000000000
969,130202030404,582.950000000000045,46.119999999999997,26.730000000000000,10.930000000000000,14.910000000000000,44.670000000000002,31.010000000000002,35.210000000000001,38.380000000000003,30.660000000000000,29.739999999999998,23.219999999999999,43.619999999999997,70.519999999999996,62.969999999999999,7.500000000000000,66.760000000000005,45987.250000000000000,102208.830000000001746,1938.210000000000036,2015.000000000000000
970,130202030405,215.419999999999987,12.340000000000000,15.340000000000000,3.370000000000000,1.510000000000000,16.070000000000000,14.570000000000000,9.900000000000000,16.710000000000001,7.840000000000000,14.779999999999999,10.390000000000001,22.170000000000002,23.149999999999999,16.059999999999999,0.000000000000000,31.219999999999999,37133.000000000000000,21344.049999999999272,582.019999999999982,2015.000000000000000
971,130202030406,3937.570000000000164,216.699999999999989,219.930000000000007,135.280000000000001,187.810000000000002,301.300000000000011,273.610000000000014,282.189999999999998,262.360000000000014,123.530000000000001,169.120000000000005,143.340000000000003,330.860000000000014,385.699999999999989,502.100000000000023,27.649999999999999,376.069999999999993,37483.120000000002619,510140.380000000004657,10258.879999999999200,2015.000000000000000
972,130202030407,3228.949999999999818,174.659999999999997,237.590000000000003,92.719999999999999,31.219999999999999,340.339999999999975,217.810000000000002,242.210000000000008,208.120000000000005,120.180000000000007,136.740000000000009,166.069999999999993,245.560000000000002,272.279999999999973,284.439999999999998,18.270000000000000,440.730000000000018,39394.779999999998836,468340.849999999976717,10018.600000000000364,2015.000000000000000
973,130202030408,978.549999999999955,36.219999999999999,121.359999999999999,5.530000000000000,1.100000000000000,128.219999999999999,69.920000000000002,29.090000000000000,43.119999999999997,40.259999999999998,53.759999999999998,61.460000000000001,105.989999999999995,125.099999999999994,41.759999999999998,0.590000000000000,115.069999999999993,44025.800000000002910,101308.179999999993015,3349.880000000000109,2015.000000000000000
974,130202030409,672.669999999999959,49.850000000000001,29.690000000000001,15.490000000000000,15.510000000000000,39.390000000000001,30.109999999999999,37.659999999999997,32.680000000000000,46.109999999999999,62.950000000000003,36.070000000000000,80.799999999999997,76.590000000000003,85.219999999999999,6.740000000000000,27.820000000000000,35455.430000000000291,162316.600000000005821,2110.599999999999909,2015.000000000000000
975,130202030410,1600.490000000000009,81.400000000000006,139.789999999999992,61.479999999999997,19.079999999999998,120.069999999999993,95.829999999999998,89.189999999999998,104.290000000000006,61.829999999999998,93.680000000000007,102.799999999999997,158.740000000000009,148.969999999999999,159.469999999999999,12.980000000000000,150.889999999999986,45386.400000000001455,316739.229999999981374,4833.090000000000146,2015.000000000000000
976,130202030501,25.620000000000001,1.990000000000000,3.020000000000000,1.040000000000000,0.810000000000000,2.720000000000000,2.210000000000000,0.900000000000000,0.640000000000000,1.200000000000000,1.010000000000000,2.040000000000000,0.560000000000000,2.720000000000000,2.350000000000000,0.000000000000000,2.410000000000000,39063.000000000000000,1927.509999999999991,73.290000000000006,2015.000000000000000
977,130202030502,25.120000000000001,1.940000000000000,2.950000000000000,1.010000000000000,0.790000000000000,2.660000000000000,2.160000000000000,0.880000000000000,0.640000000000000,1.180000000000000,0.980000000000000,1.990000000000000,0.560000000000000,2.660000000000000,2.330000000000000,0.010000000000000,2.380000000000000,37790.669999999998254,4741.119999999999891,71.980000000000004,2015.000000000000000
1037,130202030505,52.930000000000000,4.780000000000000,4.340000000000000,1.390000000000000,3.500000000000000,4.180000000000000,1.540000000000000,2.460000000000000,4.400000000000000,5.240000000000000,1.150000000000000,1.820000000000000,2.730000000000000,4.280000000000000,4.650000000000000,0.130000000000000,6.340000000000000,38068.400000000001455,6794.140000000000327,161.039999999999992,2015.000000000000000
1038,130202030506,77.519999999999996,7.640000000000000,6.050000000000000,1.960000000000000,6.000000000000000,5.720000000000000,1.500000000000000,3.740000000000000,7.130000000000000,8.600000000000000,1.640000000000000,2.140000000000000,4.060000000000000,6.040000000000000,6.030000000000000,0.000000000000000,9.270000000000000,38918.500000000000000,3914.050000000000182,234.599999999999994,2015.000000000000000
1039,130202030507,71.349999999999994,7.040000000000000,5.550000000000000,1.800000000000000,5.550000000000000,5.250000000000000,1.350000000000000,3.450000000000000,6.600000000000000,7.940000000000000,1.500000000000000,1.950000000000000,3.750000000000000,5.550000000000000,5.550000000000000,0.000000000000000,8.539999999999999,38774.000000000000000,5900.590000000000146,216.000000000000000,2015.000000000000000
1040,130202030508,71.209999999999994,6.130000000000000,5.520000000000000,1.710000000000000,4.570000000000000,5.520000000000000,1.760000000000000,3.370000000000000,6.300000000000000,7.150000000000000,1.310000000000000,2.160000000000000,4.090000000000000,5.530000000000000,6.790000000000000,0.360000000000000,8.940000000000000,37154.500000000000000,6147.930000000000291,220.370000000000005,2015.000000000000000
1041,130202030601,878.019999999999982,63.899999999999999,48.000000000000000,18.340000000000000,7.050000000000000,66.849999999999994,63.439999999999998,45.609999999999999,62.399999999999999,67.980000000000004,62.490000000000002,40.060000000000002,81.760000000000005,79.189999999999998,66.269999999999996,9.529999999999999,95.140000000000001,44507.750000000000000,252456.950000000011642,3097.550000000000182,2015.000000000000000
1042,130202030602,209.479999999999990,9.180000000000000,18.379999999999999,4.360000000000000,3.000000000000000,18.399999999999999,18.530000000000001,11.660000000000000,18.230000000000000,9.590000000000000,6.490000000000000,8.970000000000001,22.440000000000001,18.770000000000000,15.720000000000001,0.390000000000000,25.370000000000001,58562.599999999998545,51131.819999999999709,598.879999999999995,2015.000000000000000
1043,130202030603,5122.899999999999636,385.040000000000020,288.939999999999998,183.969999999999999,129.009999999999991,308.449999999999989,204.330000000000013,263.610000000000014,247.280000000000001,217.240000000000009,290.589999999999975,249.560000000000002,612.190000000000055,497.009999999999991,700.330000000000041,61.049999999999997,484.310000000000002,45326.069999999999709,700656.119999999995343,13764.299999999999272,2015.000000000000000
1044,130202030604,2502.750000000000000,319.519999999999982,172.650000000000006,71.120000000000005,45.170000000000002,98.519999999999996,76.129999999999995,65.480000000000004,134.629999999999995,57.869999999999997,79.560000000000002,192.750000000000000,250.840000000000003,273.079999999999984,380.939999999999998,41.619999999999997,242.849999999999994,46136.750000000000000,770626.359999999986030,7647.739999999999782,2015.000000000000000
1045,130202030605,684.519999999999982,47.170000000000002,29.620000000000001,23.129999999999999,11.090000000000000,38.460000000000001,51.180000000000000,27.250000000000000,55.119999999999997,53.570000000000000,53.009999999999998,37.159999999999997,75.010000000000005,59.880000000000003,78.920000000000002,8.500000000000000,35.450000000000003,39433.669999999998254,157708.809999999997672,1923.589999999999918,2015.000000000000000
1046,130202030606,104.959999999999994,10.310000000000000,8.250000000000000,2.680000000000000,8.050000000000001,7.790000000000000,2.140000000000000,5.040000000000000,9.550000000000001,11.539999999999999,2.250000000000000,2.990000000000000,5.440000000000000,8.220000000000001,8.190000000000000,0.000000000000000,12.510000000000000,38774.000000000000000,5900.590000000000146,317.350000000000023,2015.000000000000000
1047,130202030607,5553.800000000000182,203.030000000000001,372.769999999999982,94.489999999999995,26.960000000000001,464.259999999999991,509.769999999999982,195.460000000000008,614.789999999999964,464.449999999999989,232.990000000000009,248.439999999999998,529.169999999999959,334.050000000000011,528.509999999999991,36.079999999999998,698.570000000000050,41699.379999999997381,464562.359999999986030,15107.010000000000218,2015.000000000000000
1048,130202030608,827.480000000000018,106.000000000000000,107.370000000000005,8.440000000000000,6.500000000000000,64.019999999999996,46.259999999999998,40.710000000000001,66.769999999999996,42.350000000000001,63.609999999999999,20.760000000000002,45.000000000000000,17.350000000000001,142.780000000000001,0.140000000000000,49.390000000000001,34774.330000000001746,385444.070000000006985,2146.019999999999982,2015.000000000000000
1050,130202030702,71.540000000000006,5.230000000000000,6.000000000000000,1.150000000000000,0.850000000000000,5.290000000000000,5.820000000000000,2.920000000000000,6.270000000000000,3.870000000000000,4.280000000000000,2.220000000000000,4.440000000000000,3.300000000000000,9.220000000000001,0.920000000000000,9.760000000000000,37187.000000000000000,72872.630000000004657,202.650000000000006,2015.000000000000000
1178,130202040503,165.930000000000007,24.530000000000001,6.870000000000000,14.980000000000000,5.140000000000000,3.180000000000000,4.990000000000000,9.410000000000000,3.040000000000000,4.990000000000000,8.680000000000000,6.150000000000000,4.490000000000000,20.989999999999998,28.440000000000001,4.340000000000000,15.699999999999999,73351.000000000000000,43923.569999999999709,775.320000000000050,2015.000000000000000
1181,130202040603,258.699999999999989,34.759999999999998,13.680000000000000,21.379999999999999,7.400000000000000,6.750000000000000,9.140000000000001,14.570000000000000,5.790000000000000,8.480000000000000,13.590000000000000,9.690000000000000,8.740000000000000,31.100000000000001,41.560000000000002,6.040000000000000,26.030000000000001,51288.500000000000000,28532.950000000000728,1176.769999999999982,2015.000000000000000
1182,130202040701,244.930000000000007,22.449999999999999,8.880000000000001,6.980000000000000,17.219999999999999,9.420000000000000,16.449999999999999,5.110000000000000,10.279999999999999,5.560000000000000,12.770000000000000,18.980000000000000,19.530000000000001,49.060000000000002,28.980000000000000,0.000000000000000,13.270000000000000,52213.500000000000000,123796.169999999998254,750.179999999999950,2015.000000000000000
1183,130202040702,146.050000000000011,12.100000000000000,5.920000000000000,4.570000000000000,9.000000000000000,6.290000000000000,9.890000000000001,3.340000000000000,6.410000000000000,3.390000000000000,8.560000000000000,10.760000000000000,12.750000000000000,27.100000000000001,16.379999999999999,0.000000000000000,9.580000000000000,52213.500000000000000,123796.169999999998254,433.269999999999982,2015.000000000000000
1184,130202040703,32.659999999999997,0.790000000000000,2.250000000000000,1.620000000000000,0.120000000000000,2.410000000000000,2.330000000000000,1.190000000000000,1.860000000000000,0.870000000000000,3.320000000000000,1.580000000000000,4.510000000000000,2.850000000000000,2.330000000000000,0.000000000000000,4.630000000000000,40909.000000000000000,2451.449999999999818,75.989999999999995,2015.000000000000000
1185,130202040704,191.159999999999997,26.160000000000000,8.390000000000001,16.559999999999999,5.450000000000000,4.600000000000000,6.460000000000000,10.490000000000000,4.160000000000000,5.690000000000000,10.850000000000000,7.280000000000000,7.060000000000000,23.510000000000002,31.059999999999999,4.560000000000000,18.890000000000001,57130.000000000000000,23187.509999999998399,853.240000000000009,2015.000000000000000
1186,130202040705,376.480000000000018,55.659999999999997,15.600000000000000,33.990000000000002,11.660000000000000,7.220000000000000,11.330000000000000,21.340000000000000,6.900000000000000,11.330000000000000,19.699999999999999,13.960000000000001,10.180000000000000,47.609999999999999,64.530000000000001,9.850000000000000,35.630000000000003,73351.000000000000000,43923.569999999999709,1759.119999999999891,2015.000000000000000
1187,130202040706,251.710000000000008,34.810000000000002,11.500000000000000,21.120000000000001,7.400000000000000,6.420000000000000,8.930000000000000,14.250000000000000,6.200000000000000,7.940000000000000,12.680000000000000,9.460000000000001,8.650000000000000,30.989999999999998,40.899999999999999,6.020000000000000,24.440000000000001,52448.000000000000000,34177.669999999998254,1134.299999999999955,2015.000000000000000
1188,130202040707,283.089999999999975,30.079999999999998,16.600000000000001,17.760000000000002,6.900000000000000,13.020000000000000,15.270000000000000,15.810000000000000,12.980000000000000,10.410000000000000,12.570000000000000,11.060000000000000,16.350000000000001,31.530000000000001,37.590000000000003,4.740000000000000,30.440000000000001,37924.000000000000000,18148.299999999999272,1120.160000000000082,2015.000000000000000
1192,130202040804,57.859999999999999,1.720000000000000,2.020000000000000,1.310000000000000,1.280000000000000,3.720000000000000,6.620000000000000,1.840000000000000,5.790000000000000,3.660000000000000,3.200000000000000,1.880000000000000,3.740000000000000,3.760000000000000,3.760000000000000,0.970000000000000,12.590000000000000,36443.500000000000000,3914.670000000000073,169.659999999999997,2015.000000000000000
1195,130202040903,368.209999999999980,27.770000000000000,25.050000000000001,19.910000000000000,23.410000000000000,16.020000000000000,12.630000000000001,10.680000000000000,23.410000000000000,11.550000000000001,15.660000000000000,19.620000000000001,41.289999999999999,25.859999999999999,56.770000000000003,7.130000000000000,31.460000000000001,49908.250000000000000,34478.709999999999127,1076.640000000000100,2015.000000000000000
1196,130202040904,334.689999999999998,25.289999999999999,22.980000000000000,18.100000000000001,21.309999999999999,14.630000000000001,11.330000000000000,9.760000000000000,21.230000000000000,10.410000000000000,14.140000000000001,17.899999999999999,37.750000000000000,23.559999999999999,51.700000000000003,6.450000000000000,28.149999999999999,42094.000000000000000,31330.430000000000291,977.409999999999968,2015.000000000000000
1197,130202040905,208.620000000000005,13.720000000000001,11.640000000000001,10.119999999999999,11.680000000000000,9.449999999999999,10.890000000000001,5.700000000000000,14.920000000000000,8.289999999999999,9.869999999999999,10.000000000000000,20.520000000000000,14.000000000000000,28.370000000000001,4.020000000000000,25.430000000000000,42094.000000000000000,31330.430000000000291,614.299999999999955,2015.000000000000000
1198,130202040906,70.500000000000000,2.130000000000000,2.350000000000000,1.620000000000000,1.530000000000000,4.570000000000000,8.039999999999999,2.240000000000000,7.020000000000000,4.560000000000000,3.870000000000000,2.240000000000000,4.580000000000000,4.580000000000000,4.580000000000000,0.950000000000000,15.630000000000001,36443.500000000000000,3914.670000000000073,207.159999999999997,2015.000000000000000
1201,130202041003,9.050000000000001,0.080000000000000,0.830000000000000,0.060000000000000,0.330000000000000,0.400000000000000,1.140000000000000,0.330000000000000,1.060000000000000,0.080000000000000,0.640000000000000,0.520000000000000,0.520000000000000,0.620000000000000,0.600000000000000,1.290000000000000,0.580000000000000,40789.000000000000000,704.429999999999950,24.410000000000000,2015.000000000000000
1202,130202041101,7.100000000000000,0.060000000000000,0.650000000000000,0.050000000000000,0.260000000000000,0.320000000000000,0.890000000000000,0.260000000000000,0.830000000000000,0.060000000000000,0.500000000000000,0.410000000000000,0.410000000000000,0.480000000000000,0.470000000000000,1.010000000000000,0.450000000000000,40789.000000000000000,704.429999999999950,19.140000000000001,2015.000000000000000
1203,130202041102,6.140000000000000,0.120000000000000,0.390000000000000,0.090000000000000,0.180000000000000,0.330000000000000,0.740000000000000,0.210000000000000,0.670000000000000,0.220000000000000,0.390000000000000,0.280000000000000,0.370000000000000,0.410000000000000,0.400000000000000,0.500000000000000,0.860000000000000,36443.500000000000000,3914.670000000000073,17.260000000000002,2015.000000000000000